=== DIAGNOSTIC GRID SHEET: STAGE 31 (BERTHILDA'S FORTRESS) ===
Mode Target Context Profile: ISOMETRIC PROJECTION SCREEN VIEW
[Legend: NN = Height, O = Premapper Box, R = ROM Footprint, M = Perfect Match, . = Empty Space]

  .   .   .   .   .   .   .   .   .   .   .   .   .   .   .   .   .   .   .   .   .   . 
  .  30  30  30  30  30  60  30  30  30  30  30  20  20  20  20  20  04  04  04  04   . 
  .  30  30  30  30  30  60  30  30  30  30  30  20  20  20  20  20  04   .   .  04   . 
  .  30  30  45  45  45  60  45  45  45  30  30  20  20  20  20  20  04   .   .  04   . 
  .  30  30  45  45  45  60  45  45  45  30  30  20  20  20  20  20  04   .   .  04   . 
  .  30  30  45  45  85  76  85  45  45  30  30  20  20  20  20  20  04   .   .  04   . 
  .  60  60  60  60  76  76  76  60  60  60  60  20  50  50  50  50  04   .   .  04   . 
  .  30  30  45  45  85  76  85  45  45  30  30  20  50  50  50  50  04  04  04  04   . 
  .  30  30  45  45  45  60  45  45  45  30  30  20  50  50  50  50  04  04  04  04   . 
  .  30  30  45  45  45  60  45  45  45  30  30  20  50  50  50  50  04   .   .  04   . 
  .  30  30  30  30  30  60  30  30  30  30  30  20  20  20  20  20  04   .   .  04   . 
  .  30  30  30  30  30  60  30  30  30  30  30  20  20  20  20  20  04   .   .  04   . 
  .  04  04  04  04  04  04  04  04  04  04  04  20  20  20  20  20  04   .   .  04   . 
  .  04  04  04  04  04  04  04  04  04  04  04  20  20  20  20  20  04   .   .  04   . 
  .  04  04  04  04  04  04  04  04  04  04  04  20  20  20  20  20  04  04  04  04   . 
  .  04  04  04  04  04  04  04  04  04  04  04  20  20  20  20  20  04  04  04  04   . 
  .  04  04  04  04  04  04  04  04  04  04  04  20  20  20  20  M   04   .   .  04   . 
  .  04  04  04  04  04  04  04  04  04  04  04  04  04  04  04  04  04   .   .  04   . 
  .  04  04  04  04  04  04  04  04  04  04  04  04  04  04  04  04  04   .   .  04   . 
  .  04  04  04  04  04  04  04  04  04  04  04  04  04  04  04  04  04   .   .  04   . 
  .  04  04  04  04  04  04  04  04  04  04  04  04  04  04  04  04  04  04  04  04   . 
  .   .   .   .   .   .   .   .   .   .   .   .   .   .   .   .   .   .   .   .   .   . 
